[array([[ 0.04702487,  0.03134744, -0.19822465, ...,  0.17781201,
        -0.06254482, -0.10805452],
       [-0.01274037,  0.24145074,  0.02703774, ..., -0.16443971,
        -0.02996638, -0.05014091],
       [-0.04376156, -0.05849856, -0.10615697, ...,  0.0307214 ,
        -0.07826959, -0.05357834],
       ...,
       [ 0.04101939, -0.09582457, -0.0632612 , ..., -0.07968747,
        -0.10150304,  0.13808848],
       [-0.03624589, -0.02142397,  0.05222603, ...,  0.02913089,
         0.08346057,  0.05059255],
       [ 0.01361198,  0.048084  , -0.02444608, ..., -0.02396918,
         0.11350649,  0.09149016]], dtype=float32), array([[ 0.02554065,  0.01206642,  0.05779935, ..., -0.00969912,
        -0.19281675, -0.0506403 ],
       [ 0.00161084, -0.11309826, -0.03479471, ...,  0.02278358,
         0.02592449, -0.09471235],
       [-0.01717379, -0.02950548,  0.05005223, ..., -0.02116178,
        -0.14449644, -0.12986001],
       ...,
       [ 0.17949817, -0.03394312,  0.02743164, ..., -0.00774599,
        -0.02256116,  0.01062365],
       [-0.09059098, -0.04003872,  0.08419432, ..., -0.02887553,
         0.2139858 ,  0.09633864],
       [-0.07115588, -0.05104375, -0.0241619 , ...,  0.09900154,
         0.09246447,  0.08983552]], dtype=float32)]